{
 "cells": [
  {
   "cell_type": "code",
   "execution_count": 21,
   "metadata": {},
   "outputs": [],
   "source": [
    "import plotly.graph_objects as go\n",
    "from plotly.subplots import make_subplots\n",
    "# Import required libraries for Machine Learning\n",
    "import math\n",
    "import numpy as np\n",
    "# Fix random seed for reproducibility\n",
    "np.random.seed(7)\n",
    "import pandas as pd\n"
   ]
  },
  {
   "cell_type": "code",
   "execution_count": 22,
   "metadata": {},
   "outputs": [],
   "source": [
    "bitcoin_hist = pd.read_csv(\"data/Bitcoin Historical Data - Investing.com.csv\")\n",
    "sp500_hist = pd.read_csv(\"data/S&P 500 Historical Data.csv\")\n",
    "dax_hist = pd.read_csv(\"data/DAX Historical Data.csv\")\n",
    "googl_hist = pd.read_csv(\"data/GOOGL Historical Data.csv\")\n",
    "trend_df = pd.read_csv(\"data/trends_bitcoin_cc_eth_trading_etf.csv\")\n",
    "bitcoin_sent_df = pd.read_csv(\"data/bitcoin_sentiments.csv\")\n",
    "economy_sent_df = pd.read_csv(\"data/economy_sentiments.csv\")"
   ]
  },
  {
   "cell_type": "code",
   "execution_count": 23,
   "metadata": {},
   "outputs": [],
   "source": [
    "def convert_values(row, col):\n",
    "    val = row[col].replace(\",\",\"\")\n",
    "    return float(val)\n",
    "\n",
    "def convert_vol(row, col):\n",
    "    letter = row[col][-1]\n",
    "    val = row[col].rstrip(letter)\n",
    "    val = float(val)\n",
    "    if letter==\"M\":\n",
    "        val = val*1000000\n",
    "    if letter==\"K\":\n",
    "        val = val*1000\n",
    "    \n",
    "    return val\n",
    "\n",
    "def prep_charts(df):\n",
    "    df[\"Price\"] = df.apply(convert_values, args=(\"Price\",), axis=1)\n",
    "    df[\"Open\"] = df.apply(convert_values, args=(\"Open\",), axis=1)\n",
    "    df[\"High\"] = df.apply(convert_values, args=(\"High\",), axis=1)\n",
    "    df[\"Low\"] = df.apply(convert_values, args=(\"Low\",), axis=1)\n",
    "\n",
    "    df[\"Date\"] = pd.to_datetime(df[\"Date\"])\n",
    "    df = df.sort_values(by=\"Date\").reset_index()\n",
    "    del df[\"index\"]\n",
    "\n",
    "    df[\"price_norm\"] = df[\"Price\"] / df[\"Price\"].max()\n",
    "    \n",
    "    return df"
   ]
  },
  {
   "cell_type": "code",
   "execution_count": 24,
   "metadata": {},
   "outputs": [],
   "source": [
    "bitcoin_hist = prep_charts(bitcoin_hist)\n",
    "sp500_hist = prep_charts(sp500_hist)\n",
    "dax_hist = prep_charts(dax_hist)\n",
    "googl_hist = prep_charts(googl_hist)\n",
    "bitcoin_hist[\"Vol.\"] = bitcoin_hist.apply(convert_vol, args=(\"Vol.\",), axis=1)\n",
    "bitcoin_hist[\"30_day_ma\"] = bitcoin_hist[\"Price\"].rolling(window=30, min_periods=1).mean()\n",
    "bitcoin_hist[\"30_day_std\"] = bitcoin_hist[\"Price\"].rolling(window=30, min_periods=1).std()\n",
    "bitcoin_hist[\"boll_upp\"] = bitcoin_hist['30_day_ma'] + (bitcoin_hist['30_day_std'] * 2)\n",
    "bitcoin_hist[\"boll_low\"] = bitcoin_hist['30_day_ma'] - (bitcoin_hist['30_day_std'] * 2)\n"
   ]
  },
  {
   "cell_type": "code",
   "execution_count": 25,
   "metadata": {},
   "outputs": [],
   "source": [
    "trend_df['date'] = pd.to_datetime(trend_df['date'])\n",
    "trend_df = trend_df.set_index(\"date\")\n",
    "trend_df = trend_df.resample(\"D\").sum()\n",
    "trend_df.reset_index(inplace=True)\n"
   ]
  },
  {
   "cell_type": "code",
   "execution_count": 26,
   "metadata": {},
   "outputs": [],
   "source": [
    "bitcoin_sent_df[\"date\"] = pd.to_datetime(bitcoin_sent_df[\"date\"])\n",
    "bitcoin_sent_df[\"quot\"] = bitcoin_sent_df[\"pos\"] / bitcoin_sent_df[\"neg\"]"
   ]
  },
  {
   "cell_type": "code",
   "execution_count": 27,
   "metadata": {},
   "outputs": [],
   "source": [
    "economy_sent_df[\"date\"] = pd.to_datetime(economy_sent_df[\"date\"])\n",
    "economy_sent_df[\"quot\"] = economy_sent_df[\"pos\"] / economy_sent_df[\"neg\"]"
   ]
  },
  {
   "cell_type": "code",
   "execution_count": 31,
   "metadata": {},
   "outputs": [],
   "source": [
    "corr_df = bitcoin_hist[[\"Date\",\"Price\", \"High\", \"Low\", \"30_day_ma\", \"30_day_std\", \"boll_upp\", \"boll_low\"]]\n",
    "corr_df.columns = [\"bitcoin_{}\".format(x) for x in corr_df.columns]\n",
    "corr_df.loc[:,\"sp500_Price\"] = sp500_hist[\"Price\"]\n",
    "corr_df.loc[:,\"dax500_Price\"] = dax_hist[\"Price\"]\n",
    "corr_df.loc[:,\"google_Price\"] = googl_hist[\"Price\"]\n",
    "\n",
    "corr_df = corr_df.merge(trend_df, left_on=\"bitcoin_Date\", right_on=\"date\").drop(columns=[\"date\", \"etf\", \"ethereum\", \"isPartial\"])\n",
    "corr_df = corr_df.rename(columns={\"bitcoin\":\"bitcoin_Google_Trends\", \n",
    "                                  \"cryptocurrency\":\"cryptocurrency_Google_Trends\",\n",
    "                                  \"trading\":\"trading_Google_Trends\"})\n",
    "corr_df = corr_df.merge(bitcoin_sent_df, left_on=\"bitcoin_Date\", right_on=\"date\").drop(columns=[\"date\", \"length\"])\n",
    "corr_df = corr_df.rename(columns={\"pos\": \"bitcoin_pos_sents\",\n",
    "                                  \"neg\": \"bitcoin_neg_sents\",\n",
    "                                  \"quot\": \"bitcoin_quot_sents\"})"
   ]
  },
  {
   "cell_type": "code",
   "execution_count": 32,
   "metadata": {},
   "outputs": [],
   "source": [
    "corr_df = corr_df.merge(economy_sent_df, left_on=\"bitcoin_Date\", right_on=\"date\").drop(columns=[\"date\", \"length\"])\n",
    "corr_df = corr_df.rename(columns={\"pos\": \"economy_pos_sents\",\n",
    "                                  \"neg\": \"economy_neg_sents\",\n",
    "                                  \"quot\": \"economy_quot_sents\"})"
   ]
  },
  {
   "cell_type": "code",
   "execution_count": 44,
   "metadata": {},
   "outputs": [
    {
     "data": {
      "application/vnd.plotly.v1+json": {
       "config": {
        "plotlyServerURL": "https://plot.ly"
       },
       "data": [
        {
         "colorscale": [
          [
           0,
           "#440154"
          ],
          [
           0.1111111111111111,
           "#482878"
          ],
          [
           0.2222222222222222,
           "#3e4989"
          ],
          [
           0.3333333333333333,
           "#31688e"
          ],
          [
           0.4444444444444444,
           "#26828e"
          ],
          [
           0.5555555555555556,
           "#1f9e89"
          ],
          [
           0.6666666666666666,
           "#35b779"
          ],
          [
           0.7777777777777778,
           "#6ece58"
          ],
          [
           0.8888888888888888,
           "#b5de2b"
          ],
          [
           1,
           "#fde725"
          ]
         ],
         "type": "heatmap",
         "x": [
          "bitcoin_Price",
          "bitcoin_High",
          "bitcoin_Low",
          "bitcoin_30_day_ma",
          "bitcoin_30_day_std",
          "bitcoin_boll_upp",
          "bitcoin_boll_low",
          "sp500_Price",
          "dax500_Price",
          "google_Price",
          "bitcoin_Google_Trends",
          "cryptocurrency_Google_Trends",
          "trading_Google_Trends",
          "bitcoin_pos_sents",
          "bitcoin_neg_sents",
          "bitcoin_quot_sents",
          "economy_pos_sents",
          "economy_neg_sents",
          "economy_quot_sents"
         ],
         "y": [
          "bitcoin_Price",
          "bitcoin_High",
          "bitcoin_Low",
          "bitcoin_30_day_ma",
          "bitcoin_30_day_std",
          "bitcoin_boll_upp",
          "bitcoin_boll_low",
          "sp500_Price",
          "dax500_Price",
          "google_Price",
          "bitcoin_Google_Trends",
          "cryptocurrency_Google_Trends",
          "trading_Google_Trends",
          "bitcoin_pos_sents",
          "bitcoin_neg_sents",
          "bitcoin_quot_sents",
          "economy_pos_sents",
          "economy_neg_sents",
          "economy_quot_sents"
         ],
         "z": [
          [
           1,
           0.9989634720859756,
           0.9985315973559153,
           0.9739019968565916,
           0.8287185939132415,
           0.9759554427864875,
           0.9366294504714454,
           0.7171256416713893,
           0.31016463497889835,
           0.6727522975325552,
           0.5896489957769061,
           0.6167347263790712,
           -0.41533269627990677,
           0.22295816252138848,
           0.512597981685903,
           -0.41324116031117614,
           0.6105443360517496,
           0.24371663343949623,
           0.25409320654683065
          ],
          [
           0.9989634720859756,
           1,
           0.9973213532650866,
           0.9746939272815638,
           0.8380375730174675,
           0.9786727665096129,
           0.93442335999591,
           0.7129546588285501,
           0.30683474006755507,
           0.6678369377742757,
           0.5875092165398449,
           0.6158680125800711,
           -0.4221451026544633,
           0.21941550518245403,
           0.5117894258817615,
           -0.41255088622116226,
           0.6045021451964935,
           0.23735877966195534,
           0.2546634835594595
          ],
          [
           0.9985315973559153,
           0.9973213532650866,
           1,
           0.975255983149359,
           0.814663749915468,
           0.9739283993139343,
           0.9431519091450942,
           0.7247525975722905,
           0.3162149555065785,
           0.6806829871060662,
           0.5937029819651792,
           0.6205245629474354,
           -0.4045668682582199,
           0.2313395779845491,
           0.5146209701931723,
           -0.41393825328709544,
           0.6194049258979676,
           0.2520693992585849,
           0.2536298407720103
          ],
          [
           0.9739019968565916,
           0.9746939272815638,
           0.975255983149359,
           1,
           0.801483385581087,
           0.9911064031859478,
           0.9787014511600021,
           0.7267472245836402,
           0.3267271892216621,
           0.6669659663384679,
           0.5867240990655825,
           0.6380267055371147,
           -0.4013662594083651,
           0.23053485485021014,
           0.5292904962141086,
           -0.4199821132866476,
           0.6345970910914687,
           0.26243262214489216,
           0.25800027700407613
          ],
          [
           0.8287185939132415,
           0.8380375730174675,
           0.814663749915468,
           0.801483385581087,
           1,
           0.8739345053576256,
           0.6616467835071399,
           0.5604899968969721,
           0.21120139329723184,
           0.5078634519611589,
           0.44568242807064334,
           0.504493617564877,
           -0.45958839647754907,
           0.08008515038141993,
           0.3726057307828632,
           -0.31798529977936296,
           0.38001870676356525,
           0.06494746008593139,
           0.23289373883489875
          ],
          [
           0.9759554427864875,
           0.9786727665096129,
           0.9739283993139343,
           0.9911064031859478,
           0.8739345053576256,
           1,
           0.9426791369468399,
           0.7012188616317256,
           0.305269666239122,
           0.6419433720603369,
           0.576039278477492,
           0.6308226975176122,
           -0.42848241558751676,
           0.20518995089886582,
           0.5130984520525432,
           -0.41210536853878,
           0.6003368774414471,
           0.2277466819331982,
           0.2615159472223867
          ],
          [
           0.9366294504714454,
           0.93442335999591,
           0.9431519091450942,
           0.9787014511600021,
           0.6616467835071399,
           0.9426791369468399,
           1,
           0.7487160887919386,
           0.3541660611521596,
           0.6899406519862376,
           0.5826612117436458,
           0.6267974500645315,
           -0.34547908992735454,
           0.2615612176682982,
           0.5357348039042609,
           -0.4174205212200189,
           0.6652273244111282,
           0.3067523095811509,
           0.24354186534164815
          ],
          [
           0.7171256416713893,
           0.7129546588285501,
           0.7247525975722905,
           0.7267472245836402,
           0.5604899968969721,
           0.7012188616317256,
           0.7487160887919386,
           1,
           0.7638214982137692,
           0.954877300647473,
           0.6935038989088436,
           0.7346136259276909,
           -0.37245265534754973,
           -0.07682261235989994,
           0.2992490885385384,
           -0.37392510035667065,
           0.41798976063971055,
           -0.021613363549114077,
           0.24183933998809912
          ],
          [
           0.31016463497889835,
           0.30683474006755507,
           0.3162149555065785,
           0.3267271892216621,
           0.21120139329723184,
           0.305269666239122,
           0.3541660611521596,
           0.7638214982137692,
           1,
           0.684808347805026,
           0.3633855235241841,
           0.3710170785403842,
           -0.1161159297337985,
           -0.12258835397457149,
           0.11535059006038581,
           -0.2777049154874481,
           0.2481763059934523,
           0.03635813817440838,
           0.12224780181758631
          ],
          [
           0.6727522975325552,
           0.6678369377742757,
           0.6806829871060662,
           0.6669659663384679,
           0.5078634519611589,
           0.6419433720603369,
           0.6899406519862376,
           0.954877300647473,
           0.684808347805026,
           1,
           0.6768410793026818,
           0.6961030488164398,
           -0.304013296206339,
           -0.04975471043529732,
           0.2783925928778435,
           -0.32681341805689035,
           0.3666310239203728,
           -0.017495741488509315,
           0.18386148625589432
          ],
          [
           0.5896489957769061,
           0.5875092165398449,
           0.5937029819651792,
           0.5867240990655825,
           0.44568242807064334,
           0.576039278477492,
           0.5826612117436458,
           0.6935038989088436,
           0.3633855235241841,
           0.6768410793026818,
           1,
           0.8832785839687141,
           0.202073547947417,
           0.10395704680731556,
           0.39084612395800383,
           -0.36512595267936043,
           0.42717660225918785,
           0.13647073181539313,
           0.19085864087554125
          ],
          [
           0.6167347263790712,
           0.6158680125800711,
           0.6205245629474354,
           0.6380267055371147,
           0.504493617564877,
           0.6308226975176122,
           0.6267974500645315,
           0.7346136259276909,
           0.3710170785403842,
           0.6961030488164398,
           0.8832785839687141,
           1,
           0.02011416174874969,
           0.09199389792861762,
           0.3245492377143395,
           -0.3331229828394468,
           0.4427134497759283,
           0.0531550206338555,
           0.27530493345432816
          ],
          [
           -0.41533269627990677,
           -0.4221451026544633,
           -0.4045668682582199,
           -0.4013662594083651,
           -0.45958839647754907,
           -0.42848241558751676,
           -0.34547908992735454,
           -0.37245265534754973,
           -0.1161159297337985,
           -0.304013296206339,
           0.202073547947417,
           0.02011416174874969,
           1,
           -0.015126805255185621,
           -0.15506566588267892,
           0.15579616927617207,
           -0.10203587303425043,
           0.007507749323822116,
           -0.09949536196345803
          ],
          [
           0.22295816252138848,
           0.21941550518245403,
           0.2313395779845491,
           0.23053485485021014,
           0.08008515038141993,
           0.20518995089886582,
           0.2615612176682982,
           -0.07682261235989994,
           -0.12258835397457149,
           -0.04975471043529732,
           0.10395704680731556,
           0.09199389792861762,
           -0.015126805255185621,
           1,
           0.09404179127786823,
           0.3140171894055841,
           0.30479865875006007,
           0.20663400751723046,
           0.06809447852595706
          ],
          [
           0.512597981685903,
           0.5117894258817615,
           0.5146209701931723,
           0.5292904962141086,
           0.3726057307828632,
           0.5130984520525432,
           0.5357348039042609,
           0.2992490885385384,
           0.11535059006038581,
           0.2783925928778435,
           0.39084612395800383,
           0.3245492377143395,
           -0.15506566588267892,
           0.09404179127786823,
           1,
           -0.7603398091911384,
           0.39544855740661317,
           0.2570817849180618,
           0.08296712998064686
          ],
          [
           -0.41324116031117614,
           -0.41255088622116226,
           -0.41393825328709544,
           -0.4199821132866476,
           -0.31798529977936296,
           -0.41210536853878,
           -0.4174205212200189,
           -0.37392510035667065,
           -0.2777049154874481,
           -0.32681341805689035,
           -0.36512595267936043,
           -0.3331229828394468,
           0.15579616927617207,
           0.3140171894055841,
           -0.7603398091911384,
           1,
           -0.2759052480314501,
           -0.1332686571577179,
           -0.0902085928996823
          ],
          [
           0.6105443360517496,
           0.6045021451964935,
           0.6194049258979676,
           0.6345970910914687,
           0.38001870676356525,
           0.6003368774414471,
           0.6652273244111282,
           0.41798976063971055,
           0.2481763059934523,
           0.3666310239203728,
           0.42717660225918785,
           0.4427134497759283,
           -0.10203587303425043,
           0.30479865875006007,
           0.39544855740661317,
           -0.2759052480314501,
           1,
           0.331848998102417,
           0.5569310781497621
          ],
          [
           0.24371663343949623,
           0.23735877966195534,
           0.2520693992585849,
           0.26243262214489216,
           0.06494746008593139,
           0.2277466819331982,
           0.3067523095811509,
           -0.021613363549114077,
           0.03635813817440838,
           -0.017495741488509315,
           0.13647073181539313,
           0.0531550206338555,
           0.007507749323822116,
           0.20663400751723046,
           0.2570817849180618,
           -0.1332686571577179,
           0.331848998102417,
           1,
           -0.4662909399240508
          ],
          [
           0.25409320654683065,
           0.2546634835594595,
           0.2536298407720103,
           0.25800027700407613,
           0.23289373883489875,
           0.2615159472223867,
           0.24354186534164815,
           0.24183933998809912,
           0.12224780181758631,
           0.18386148625589432,
           0.19085864087554125,
           0.27530493345432816,
           -0.09949536196345803,
           0.06809447852595706,
           0.08296712998064686,
           -0.0902085928996823,
           0.5569310781497621,
           -0.4662909399240508,
           1
          ]
         ]
        }
       ],
       "layout": {
        "height": 1000,
        "template": {
         "data": {
          "bar": [
           {
            "error_x": {
             "color": "#2a3f5f"
            },
            "error_y": {
             "color": "#2a3f5f"
            },
            "marker": {
             "line": {
              "color": "#E5ECF6",
              "width": 0.5
             }
            },
            "type": "bar"
           }
          ],
          "barpolar": [
           {
            "marker": {
             "line": {
              "color": "#E5ECF6",
              "width": 0.5
             }
            },
            "type": "barpolar"
           }
          ],
          "carpet": [
           {
            "aaxis": {
             "endlinecolor": "#2a3f5f",
             "gridcolor": "white",
             "linecolor": "white",
             "minorgridcolor": "white",
             "startlinecolor": "#2a3f5f"
            },
            "baxis": {
             "endlinecolor": "#2a3f5f",
             "gridcolor": "white",
             "linecolor": "white",
             "minorgridcolor": "white",
             "startlinecolor": "#2a3f5f"
            },
            "type": "carpet"
           }
          ],
          "choropleth": [
           {
            "colorbar": {
             "outlinewidth": 0,
             "ticks": ""
            },
            "type": "choropleth"
           }
          ],
          "contour": [
           {
            "colorbar": {
             "outlinewidth": 0,
             "ticks": ""
            },
            "colorscale": [
             [
              0,
              "#0d0887"
             ],
             [
              0.1111111111111111,
              "#46039f"
             ],
             [
              0.2222222222222222,
              "#7201a8"
             ],
             [
              0.3333333333333333,
              "#9c179e"
             ],
             [
              0.4444444444444444,
              "#bd3786"
             ],
             [
              0.5555555555555556,
              "#d8576b"
             ],
             [
              0.6666666666666666,
              "#ed7953"
             ],
             [
              0.7777777777777778,
              "#fb9f3a"
             ],
             [
              0.8888888888888888,
              "#fdca26"
             ],
             [
              1,
              "#f0f921"
             ]
            ],
            "type": "contour"
           }
          ],
          "contourcarpet": [
           {
            "colorbar": {
             "outlinewidth": 0,
             "ticks": ""
            },
            "type": "contourcarpet"
           }
          ],
          "heatmap": [
           {
            "colorbar": {
             "outlinewidth": 0,
             "ticks": ""
            },
            "colorscale": [
             [
              0,
              "#0d0887"
             ],
             [
              0.1111111111111111,
              "#46039f"
             ],
             [
              0.2222222222222222,
              "#7201a8"
             ],
             [
              0.3333333333333333,
              "#9c179e"
             ],
             [
              0.4444444444444444,
              "#bd3786"
             ],
             [
              0.5555555555555556,
              "#d8576b"
             ],
             [
              0.6666666666666666,
              "#ed7953"
             ],
             [
              0.7777777777777778,
              "#fb9f3a"
             ],
             [
              0.8888888888888888,
              "#fdca26"
             ],
             [
              1,
              "#f0f921"
             ]
            ],
            "type": "heatmap"
           }
          ],
          "heatmapgl": [
           {
            "colorbar": {
             "outlinewidth": 0,
             "ticks": ""
            },
            "colorscale": [
             [
              0,
              "#0d0887"
             ],
             [
              0.1111111111111111,
              "#46039f"
             ],
             [
              0.2222222222222222,
              "#7201a8"
             ],
             [
              0.3333333333333333,
              "#9c179e"
             ],
             [
              0.4444444444444444,
              "#bd3786"
             ],
             [
              0.5555555555555556,
              "#d8576b"
             ],
             [
              0.6666666666666666,
              "#ed7953"
             ],
             [
              0.7777777777777778,
              "#fb9f3a"
             ],
             [
              0.8888888888888888,
              "#fdca26"
             ],
             [
              1,
              "#f0f921"
             ]
            ],
            "type": "heatmapgl"
           }
          ],
          "histogram": [
           {
            "marker": {
             "colorbar": {
              "outlinewidth": 0,
              "ticks": ""
             }
            },
            "type": "histogram"
           }
          ],
          "histogram2d": [
           {
            "colorbar": {
             "outlinewidth": 0,
             "ticks": ""
            },
            "colorscale": [
             [
              0,
              "#0d0887"
             ],
             [
              0.1111111111111111,
              "#46039f"
             ],
             [
              0.2222222222222222,
              "#7201a8"
             ],
             [
              0.3333333333333333,
              "#9c179e"
             ],
             [
              0.4444444444444444,
              "#bd3786"
             ],
             [
              0.5555555555555556,
              "#d8576b"
             ],
             [
              0.6666666666666666,
              "#ed7953"
             ],
             [
              0.7777777777777778,
              "#fb9f3a"
             ],
             [
              0.8888888888888888,
              "#fdca26"
             ],
             [
              1,
              "#f0f921"
             ]
            ],
            "type": "histogram2d"
           }
          ],
          "histogram2dcontour": [
           {
            "colorbar": {
             "outlinewidth": 0,
             "ticks": ""
            },
            "colorscale": [
             [
              0,
              "#0d0887"
             ],
             [
              0.1111111111111111,
              "#46039f"
             ],
             [
              0.2222222222222222,
              "#7201a8"
             ],
             [
              0.3333333333333333,
              "#9c179e"
             ],
             [
              0.4444444444444444,
              "#bd3786"
             ],
             [
              0.5555555555555556,
              "#d8576b"
             ],
             [
              0.6666666666666666,
              "#ed7953"
             ],
             [
              0.7777777777777778,
              "#fb9f3a"
             ],
             [
              0.8888888888888888,
              "#fdca26"
             ],
             [
              1,
              "#f0f921"
             ]
            ],
            "type": "histogram2dcontour"
           }
          ],
          "mesh3d": [
           {
            "colorbar": {
             "outlinewidth": 0,
             "ticks": ""
            },
            "type": "mesh3d"
           }
          ],
          "parcoords": [
           {
            "line": {
             "colorbar": {
              "outlinewidth": 0,
              "ticks": ""
             }
            },
            "type": "parcoords"
           }
          ],
          "pie": [
           {
            "automargin": true,
            "type": "pie"
           }
          ],
          "scatter": [
           {
            "marker": {
             "colorbar": {
              "outlinewidth": 0,
              "ticks": ""
             }
            },
            "type": "scatter"
           }
          ],
          "scatter3d": [
           {
            "line": {
             "colorbar": {
              "outlinewidth": 0,
              "ticks": ""
             }
            },
            "marker": {
             "colorbar": {
              "outlinewidth": 0,
              "ticks": ""
             }
            },
            "type": "scatter3d"
           }
          ],
          "scattercarpet": [
           {
            "marker": {
             "colorbar": {
              "outlinewidth": 0,
              "ticks": ""
             }
            },
            "type": "scattercarpet"
           }
          ],
          "scattergeo": [
           {
            "marker": {
             "colorbar": {
              "outlinewidth": 0,
              "ticks": ""
             }
            },
            "type": "scattergeo"
           }
          ],
          "scattergl": [
           {
            "marker": {
             "colorbar": {
              "outlinewidth": 0,
              "ticks": ""
             }
            },
            "type": "scattergl"
           }
          ],
          "scattermapbox": [
           {
            "marker": {
             "colorbar": {
              "outlinewidth": 0,
              "ticks": ""
             }
            },
            "type": "scattermapbox"
           }
          ],
          "scatterpolar": [
           {
            "marker": {
             "colorbar": {
              "outlinewidth": 0,
              "ticks": ""
             }
            },
            "type": "scatterpolar"
           }
          ],
          "scatterpolargl": [
           {
            "marker": {
             "colorbar": {
              "outlinewidth": 0,
              "ticks": ""
             }
            },
            "type": "scatterpolargl"
           }
          ],
          "scatterternary": [
           {
            "marker": {
             "colorbar": {
              "outlinewidth": 0,
              "ticks": ""
             }
            },
            "type": "scatterternary"
           }
          ],
          "surface": [
           {
            "colorbar": {
             "outlinewidth": 0,
             "ticks": ""
            },
            "colorscale": [
             [
              0,
              "#0d0887"
             ],
             [
              0.1111111111111111,
              "#46039f"
             ],
             [
              0.2222222222222222,
              "#7201a8"
             ],
             [
              0.3333333333333333,
              "#9c179e"
             ],
             [
              0.4444444444444444,
              "#bd3786"
             ],
             [
              0.5555555555555556,
              "#d8576b"
             ],
             [
              0.6666666666666666,
              "#ed7953"
             ],
             [
              0.7777777777777778,
              "#fb9f3a"
             ],
             [
              0.8888888888888888,
              "#fdca26"
             ],
             [
              1,
              "#f0f921"
             ]
            ],
            "type": "surface"
           }
          ],
          "table": [
           {
            "cells": {
             "fill": {
              "color": "#EBF0F8"
             },
             "line": {
              "color": "white"
             }
            },
            "header": {
             "fill": {
              "color": "#C8D4E3"
             },
             "line": {
              "color": "white"
             }
            },
            "type": "table"
           }
          ]
         },
         "layout": {
          "annotationdefaults": {
           "arrowcolor": "#2a3f5f",
           "arrowhead": 0,
           "arrowwidth": 1
          },
          "coloraxis": {
           "colorbar": {
            "outlinewidth": 0,
            "ticks": ""
           }
          },
          "colorscale": {
           "diverging": [
            [
             0,
             "#8e0152"
            ],
            [
             0.1,
             "#c51b7d"
            ],
            [
             0.2,
             "#de77ae"
            ],
            [
             0.3,
             "#f1b6da"
            ],
            [
             0.4,
             "#fde0ef"
            ],
            [
             0.5,
             "#f7f7f7"
            ],
            [
             0.6,
             "#e6f5d0"
            ],
            [
             0.7,
             "#b8e186"
            ],
            [
             0.8,
             "#7fbc41"
            ],
            [
             0.9,
             "#4d9221"
            ],
            [
             1,
             "#276419"
            ]
           ],
           "sequential": [
            [
             0,
             "#0d0887"
            ],
            [
             0.1111111111111111,
             "#46039f"
            ],
            [
             0.2222222222222222,
             "#7201a8"
            ],
            [
             0.3333333333333333,
             "#9c179e"
            ],
            [
             0.4444444444444444,
             "#bd3786"
            ],
            [
             0.5555555555555556,
             "#d8576b"
            ],
            [
             0.6666666666666666,
             "#ed7953"
            ],
            [
             0.7777777777777778,
             "#fb9f3a"
            ],
            [
             0.8888888888888888,
             "#fdca26"
            ],
            [
             1,
             "#f0f921"
            ]
           ],
           "sequentialminus": [
            [
             0,
             "#0d0887"
            ],
            [
             0.1111111111111111,
             "#46039f"
            ],
            [
             0.2222222222222222,
             "#7201a8"
            ],
            [
             0.3333333333333333,
             "#9c179e"
            ],
            [
             0.4444444444444444,
             "#bd3786"
            ],
            [
             0.5555555555555556,
             "#d8576b"
            ],
            [
             0.6666666666666666,
             "#ed7953"
            ],
            [
             0.7777777777777778,
             "#fb9f3a"
            ],
            [
             0.8888888888888888,
             "#fdca26"
            ],
            [
             1,
             "#f0f921"
            ]
           ]
          },
          "colorway": [
           "#636efa",
           "#EF553B",
           "#00cc96",
           "#ab63fa",
           "#FFA15A",
           "#19d3f3",
           "#FF6692",
           "#B6E880",
           "#FF97FF",
           "#FECB52"
          ],
          "font": {
           "color": "#2a3f5f"
          },
          "geo": {
           "bgcolor": "white",
           "lakecolor": "white",
           "landcolor": "#E5ECF6",
           "showlakes": true,
           "showland": true,
           "subunitcolor": "white"
          },
          "hoverlabel": {
           "align": "left"
          },
          "hovermode": "closest",
          "mapbox": {
           "style": "light"
          },
          "paper_bgcolor": "white",
          "plot_bgcolor": "#E5ECF6",
          "polar": {
           "angularaxis": {
            "gridcolor": "white",
            "linecolor": "white",
            "ticks": ""
           },
           "bgcolor": "#E5ECF6",
           "radialaxis": {
            "gridcolor": "white",
            "linecolor": "white",
            "ticks": ""
           }
          },
          "scene": {
           "xaxis": {
            "backgroundcolor": "#E5ECF6",
            "gridcolor": "white",
            "gridwidth": 2,
            "linecolor": "white",
            "showbackground": true,
            "ticks": "",
            "zerolinecolor": "white"
           },
           "yaxis": {
            "backgroundcolor": "#E5ECF6",
            "gridcolor": "white",
            "gridwidth": 2,
            "linecolor": "white",
            "showbackground": true,
            "ticks": "",
            "zerolinecolor": "white"
           },
           "zaxis": {
            "backgroundcolor": "#E5ECF6",
            "gridcolor": "white",
            "gridwidth": 2,
            "linecolor": "white",
            "showbackground": true,
            "ticks": "",
            "zerolinecolor": "white"
           }
          },
          "shapedefaults": {
           "line": {
            "color": "#2a3f5f"
           }
          },
          "ternary": {
           "aaxis": {
            "gridcolor": "white",
            "linecolor": "white",
            "ticks": ""
           },
           "baxis": {
            "gridcolor": "white",
            "linecolor": "white",
            "ticks": ""
           },
           "bgcolor": "#E5ECF6",
           "caxis": {
            "gridcolor": "white",
            "linecolor": "white",
            "ticks": ""
           }
          },
          "title": {
           "x": 0.05
          },
          "xaxis": {
           "automargin": true,
           "gridcolor": "white",
           "linecolor": "white",
           "ticks": "",
           "title": {
            "standoff": 15
           },
           "zerolinecolor": "white",
           "zerolinewidth": 2
          },
          "yaxis": {
           "automargin": true,
           "gridcolor": "white",
           "linecolor": "white",
           "ticks": "",
           "title": {
            "standoff": 15
           },
           "zerolinecolor": "white",
           "zerolinewidth": 2
          }
         }
        },
        "title": {
         "text": "Correlation Between Bitcoin Chart Indicators"
        },
        "width": 1200,
        "xaxis": {
         "autorange": true,
         "range": [
          -0.5,
          18.5
         ],
         "type": "category"
        },
        "yaxis": {
         "autorange": true,
         "range": [
          -0.5,
          18.5
         ],
         "type": "category"
        }
       }
      },
